# SMDR (Standard Model in Dimensional Regularization) v1.0
# Q = 173.100000;
# gauge  couplings: g3 = 1.163624;      g = 0.647660;      gp = 0.358539;
# Yukawa couplings: yt = 0.934801;     yb = 0.015480;    ytau = 0.00999444;
#                   yc = 0.0033820;    ys = 0.00029094;   ymu = 0.000588380;
#                   yu = 0.0000067228; yd = 0.000014610;   ye = 0.00000279298;
# Higgs self-coupling lambda = 0.126038;
# Higgs VEV = 246.601091;
# 
# COLUMN DESCRIPTIONS:
# 1  Q                  (MSbar renormalization scale)
# 2  MW_pole            (loopOrder = 0, tree-level)
# 3  MW_pole            (loopOrder = 1, 1-loop)
# 4  MW_BreitWigner     (loopOrder = 1, 1-loop)
# 5  GammaW_pole        (loopOrder = 1, 1-loop)
# 6  GammaW_BreitWigner (loopOrder = 1, 1-loop)
# 7  MW_pole            (loopOrder = 1.5, 1-loop plus 2-loop QCD)
# 8  MW_BreitWigner     (loopOrder = 1.5, 1-loop plus 2-loop QCD)
# 9  GammaW_pole        (loopOrder = 1.5, 1-loop plus 2-loop QCD)
# 10 GammaW_BreitWigner (loopOrder = 1.5, 1-loop plus 2-loop QCD)
# 11 MW_pole            (loopOrder = 2, full 2-loop)
# 12 MW_BreitWigner     (loopOrder = 2, full 2-loop)
# 13 GammaW_pole        (loopOrder = 2, full 2-loop)
# 14 GammaW_BreitWigner (loopOrder = 2, full 2-loop)
# 
# In the paper: arXiv:1907.02500
# Standard Model parameters in the tadpole-free pure MSbar scheme
# by Stephen P. Martin and David G. Robertson,
# Figure 4.1d graphs columns 4, 8, and 12 as a function of column 1.
# 
50.0  81.90968913  80.21663824  80.24508621  2.13654166  2.13578423  80.37181752  80.40165080  2.19006864  2.18925600  80.32993952  80.35701249  2.08573059  2.08502789
52.0  81.83892904  80.22978299  80.25808243  2.13113015  2.13037870  80.37070947  80.40039383  2.18457936  2.18377280  80.32909681  80.35618020  2.08612119  2.08541808
54.0  81.77124951  80.24180457  80.26996297  2.12597132  2.12522554  80.36978610  80.39932831  2.17932926  2.17852848  80.32841737  80.35550978  2.08645981  2.08575635
56.0  81.70640718  80.25282083  80.28084503  2.12104423  2.12030382  80.36901882  80.39842514  2.17429965  2.17350438  80.32787580  80.35497599  2.08675251  2.08604874
58.0  81.64418586  80.26293390  80.29083019  2.11633036  2.11559506  80.36838388  80.39766006  2.16947390  2.16868390  80.32745097  80.35455785  2.08700446  2.08630043
60.0  81.58439269  80.27223276  80.30000690  2.11181327  2.11108283  80.36786136  80.39701275  2.16483716  2.16405221  80.32712520  80.35423779  2.08722018  2.08651593
62.0  81.52685495  80.28079525  80.30845254  2.10747830  2.10675251  80.36743455  80.39646610  2.16037610  2.15959598  80.32688361  80.35400104  2.08740356  2.08669911
64.0  81.47141733  80.28868977  80.31623515  2.10331233  2.10259098  80.36708933  80.39600564  2.15607871  2.15530323  80.32671364  80.35383515  2.08755798  2.08685338
66.0  81.41793975  80.29597671  80.32341471  2.09930357  2.09858646  80.36681374  80.39561910  2.15193417  2.15116314  80.32660467  80.35372955  2.08768643  2.08698170
68.0  81.36629540  80.30270950  80.33004437  2.09544137  2.09472833  80.36659759  80.39529603  2.14793264  2.14716590  80.32654764  80.35367527  2.08779152  2.08708667
70.0  81.31636916  80.30893569  80.33617135  2.09171613  2.09100699  80.36643222  80.39502748  2.14406519  2.14330258  80.32653482  80.35366464  2.08787553  2.08717060
72.0  81.26805622  80.31469763  80.34183777  2.08811911  2.08741373  80.36631018  80.39480579  2.14032370  2.13956507  80.32655961  80.35369111  2.08794052  2.08723552
74.0  81.22126089  80.32003324  80.34708130  2.08464238  2.08394060  80.36622510  80.39462436  2.13670072  2.13594593  80.32661633  80.35374905  2.08798828  2.08728324
76.0  81.17589558  80.32497653  80.35193573  2.08127868  2.08058038  80.36617147  80.39447751  2.13318944  2.13243836  80.32670010  80.35383363  2.08802042  2.08731535
78.0  81.13187993  80.32955810  80.35643147  2.07802139  2.07732645  80.36614457  80.39436032  2.12978360  2.12903612  80.32680672  80.35394067  2.08803837  2.08733328
80.0  81.08914002  80.33380556  80.36059593  2.07486444  2.07417273  80.36614030  80.39426854  2.12647746  2.12573345  80.32693253  80.35406657  2.08804342  2.08733833
82.0  81.04760775  80.33774387  80.36445393  2.07180224  2.07111365  80.36615512  80.39419846  2.12326570  2.12252506  80.32707440  80.35420822  2.08803671  2.08733163
84.0  81.00722022  80.34139567  80.36802793  2.06882965  2.06814408  80.36618594  80.39414687  2.12014342  2.11940604  80.32722958  80.35436290  2.08801928  2.08731422
86.0  80.96791920  80.34478151  80.37133837  2.06594191  2.06525927  80.36623011  80.39411098  2.11710607  2.11637185  80.32739572  80.35452828  2.08799206  2.08728703
88.0  80.92965074  80.34792011  80.37440383  2.06313465  2.06245484  80.36628528  80.39408833  2.11414945  2.11341830  80.32757075  80.35470230  2.08795589  2.08725089
90.0  80.89236472  80.35082857  80.37724128  2.06040379  2.05972672  80.36634945  80.39407679  2.11126963  2.11054147  80.32775287  80.35488321  2.08791152  2.08720658
92.0  80.85601450  80.35352250  80.37986622  2.05774556  2.05707116  80.36642084  80.39407450  2.10846298  2.10773772  80.32794052  80.35506945  2.08785966  2.08715477
94.0  80.82055665  80.35601619  80.38229286  2.05515646  2.05448464  80.36649791  80.39407982  2.10572610  2.10500366  80.32813234  80.35525968  2.08780092  2.08709609
96.0  80.78595061  80.35832277  80.38453422  2.05263321  2.05196390  80.36657933  80.39409131  2.10305582  2.10233613  80.32832715  80.35545273  2.08773587  2.08703111
98.0  80.75215848  80.36045430  80.38660227  2.05017278  2.04950590  80.36666393  80.39410773  2.10044918  2.09973216  80.32852390  80.35564758  2.08766504  2.08696035
100.0  80.71914479  80.36242189  80.38850803  2.04777231  2.04710781  80.36675067  80.39412797  2.09790340  2.09718898  80.32872170  80.35584333  2.08758889  2.08688428
102.0  80.68687629  80.36423576  80.39026166  2.04542914  2.04476695  80.36683866  80.39415106  2.09541587  2.09470399  80.32891976  80.35603922  2.08750785  2.08680334
104.0  80.65532178  80.36590538  80.39187255  2.04314079  2.04248084  80.36692714  80.39417616  2.09298416  2.09227476  80.32911741  80.35623458  2.08742233  2.08671791
106.0  80.62445193  80.36743948  80.39334936  2.04090491  2.04024714  80.36701542  80.39420253  2.09060598  2.08989899  80.32931403  80.35642881  2.08733269  2.08662835
108.0  80.59423916  80.36884615  80.39470012  2.03871930  2.03806367  80.36710291  80.39422951  2.08827915  2.08757452  80.32950912  80.35662140  2.08723925  2.08653502
110.0  80.56465748  80.37013290  80.39593229  2.03658191  2.03592836  80.36718909  80.39425654  2.08600165  2.08529932  80.32970223  80.35681193  2.08714232  2.08643819
112.0  80.53568240  80.37130670  80.39705277  2.03449079  2.03383928  80.36727353  80.39428312  2.08377155  2.08307148  80.32989298  80.35700001  2.08704219  2.08633817
114.0  80.50729078  80.37237402  80.39806798  2.03244412  2.03179458  80.36735583  80.39430880  2.08158705  2.08088918  80.33008102  80.35718531  2.08693912  2.08623520
116.0  80.47946076  80.37334090  80.39898391  2.03044016  2.02979255  80.36743567  80.39433322  2.07944643  2.07875071  80.33026608  80.35736756  2.08683333  2.08612952
118.0  80.45217168  80.37421294  80.39980613  2.02847728  2.02783156  80.36751276  80.39435603  2.07734808  2.07665446  80.33044790  80.35754651  2.08672505  2.08602136
120.0  80.42540396  80.37499538  80.40053982  2.02655394  2.02591007  80.36758685  80.39437696  2.07529045  2.07459889  80.33062628  80.35772196  2.08661449  2.08591091
122.0  80.39913904  80.37569312  80.40118984  2.02466869  2.02402663  80.36765774  80.39439575  2.07327209  2.07258255  80.33080105  80.35789374  2.08650184  2.08579837
124.0  80.37335933  80.37631073  80.40176072  2.02282014  2.02217984  80.36772525  80.39441219  2.07129163  2.07060406  80.33097205  80.35806171  2.08638725  2.08568391
126.0  80.34804813  80.37685247  80.40225670  2.02100698  2.02036841  80.36778924  80.39442610  2.06934775  2.06866212  80.33113916  80.35822575  2.08627091  2.08556768
128.0  80.32318955  80.37732237  80.40268175  2.01922797  2.01859110  80.36784957  80.39443731  2.06743922  2.06675548  80.33130229  80.35838576  2.08615295  2.08544984
130.0  80.29876850  80.37772417  80.40303959  2.01748193  2.01684672  80.36790616  80.39444570  2.06556484  2.06488297  80.33146135  80.35854166  2.08603351  2.08533053
132.0  80.27477062  80.37806139  80.40333372  2.01576775  2.01513415  80.36795892  80.39445115  2.06372350  2.06304344  80.33161628  80.35869341  2.08591273  2.08520987
134.0  80.25118221  80.37833735  80.40356740  2.01408434  2.01345234  80.36800779  80.39445357  2.06191411  2.06123584  80.33176704  80.35884095  2.08579072  2.08508799
136.0  80.22799023  80.37855515  80.40374373  2.01243070  2.01180026  80.36805272  80.39445290  2.06013565  2.05945914  80.33191359  80.35898425  2.08566759  2.08496499
138.0  80.20518224  80.37871771  80.40386559  2.01080587  2.01017695  80.36809367  80.39444905  2.05838716  2.05771237  80.33205590  80.35912330  2.08554345  2.08484098
140.0  80.18274636  80.37882779  80.40393571  2.00920891  2.00858149  80.36813063  80.39444200  2.05666770  2.05599459  80.33219398  80.35925808  2.08541839  2.08471605
142.0  80.16067125  80.37888799  80.40395667  2.00763895  2.00701300  80.36816359  80.39443169  2.05497637  2.05430493  80.33232781  80.35938860  2.08529250  2.08459029
144.0  80.13894606  80.37890073  80.40393088  2.00609515  2.00547064  80.36819254  80.39441812  2.05331233  2.05264252  80.33245741  80.35951487  2.08516587  2.08446378
146.0  80.11756042  80.37886833  80.40386062  2.00457671  2.00395362  80.36821750  80.39440125  2.05167477  2.05100656  80.33258279  80.35963690  2.08503857  2.08433661
148.0  80.09650442  80.37879298  80.40374805  2.00308286  2.00246115  80.36823846  80.39438109  2.05006291  2.04939627  80.33270396  80.35975472  2.08491067  2.08420885
150.0  80.07576853  80.37867671  80.40359522  2.00161286  2.00099253  80.36825546  80.39435764  2.04847600  2.04781091  80.33282096  80.35986835  2.08478225  2.08408056
152.0  80.05534366  80.37852148  80.40340403  2.00016603  1.99954703  80.36826852  80.39433089  2.04691333  2.04624976  80.33293382  80.35997782  2.08465336  2.08395180
154.0  80.03522107  80.37832913  80.40317631  1.99874168  1.99812400  80.36827767  80.39430087  2.04537422  2.04471214  80.33304257  80.36008318  2.08452406  2.08382263
156.0  80.01539239  80.37810139  80.40291379  1.99733916  1.99672278  80.36828295  80.39426758  2.04385800  2.04319740  80.33314725  80.36018446  2.08439441  2.08369312
158.0  79.99584958  80.37783991  80.40261810  1.99595788  1.99534277  80.36828440  80.39423106  2.04236406  2.04170490  80.33324790  80.36028171  2.08426447  2.08356330
160.0  79.97658492  80.37754627  80.40229077  1.99459722  1.99398336  80.36828205  80.39419132  2.04089177  2.04023404  80.33334457  80.36037497  2.08413427  2.08343324
162.0  79.95759099  80.37722192  80.40193329  1.99325663  1.99264400  80.36827595  80.39414840  2.03944057  2.03878424  80.33343730  80.36046428  2.08400386  2.08330296
164.0  79.93886067  80.37686830  80.40154703  1.99193555  1.99132414  80.36826615  80.39410232  2.03800989  2.03735494  80.33352614  80.36054971  2.08387329  2.08317252
166.0  79.92038709  80.37648671  80.40113331  1.99063346  1.99002324  80.36825269  80.39405312  2.03659920  2.03594560  80.33361115  80.36063130  2.08374259  2.08304196
168.0  79.90216366  80.37607844  80.40069340  1.98934987  1.98874082  80.36823564  80.39400084  2.03520798  2.03455572  80.33369237  80.36070911  2.08361180  2.08291130
170.0  79.88418402  80.37564468  80.40022847  1.98808427  1.98747638  80.36821503  80.39394551  2.03383572  2.03318478  80.33376986  80.36078318  2.08348096  2.08278060
172.0  79.86644207  80.37518659  80.39973966  1.98683622  1.98622947  80.36819093  80.39388718  2.03248197  2.03183232  80.33384368  80.36085358  2.08335009  2.08264986
174.0  79.84893190  80.37470524  80.39922805  1.98560525  1.98499962  80.36816338  80.39382588  2.03114624  2.03049787  80.33391387  80.36092035  2.08321923  2.08251914
176.0  79.83164783  80.37420167  80.39869465  1.98439094  1.98378641  80.36813244  80.39376166  2.02982809  2.02918099  80.33398049  80.36098356  2.08308841  2.08238845
178.0  79.81458439  80.37367688  80.39814045  1.98319287  1.98258943  80.36809816  80.39369456  2.02852711  2.02788125  80.33404360  80.36104326  2.08295765  2.08225782
180.0  79.79773629  80.37313179  80.39756638  1.98201064  1.98140827  80.36806061  80.39362462  2.02724286  2.02659823  80.33410325  80.36109950  2.08282697  2.08212727
182.0  79.78109843  80.37256730  80.39697330  1.98084386  1.98024254  80.36801983  80.39355189  2.02597496  2.02533154  80.33415950  80.36115235  2.08269641  2.08199684
184.0  79.76466587  80.37198426  80.39636208  1.97969216  1.97909188  80.36797588  80.39347642  2.02472302  2.02408079  80.33421241  80.36120186  2.08256597  2.08186654
186.0  79.74843387  80.37138350  80.39573351  1.97855517  1.97795591  80.36792882  80.39339824  2.02348666  2.02284560  80.33426202  80.36124808  2.08243568  2.08173638
188.0  79.73239783  80.37076578  80.39508835  1.97743256  1.97683431  80.36787870  80.39331741  2.02226553  2.02162563  80.33430840  80.36129107  2.08230557  2.08160640
190.0  79.71655329  80.37013184  80.39442734  1.97632397  1.97572672  80.36782557  80.39323397  2.02105928  2.02042052  80.33435159  80.36133088  2.08217564  2.08147660
192.0  79.70089597  80.36948239  80.39375119  1.97522910  1.97463283  80.36776950  80.39314796  2.01986756  2.01922993  80.33439166  80.36136758  2.08204592  2.08134701
194.0  79.68542171  80.36881811  80.39306054  1.97414762  1.97355231  80.36771053  80.39305943  2.01869006  2.01805354  80.33442866  80.36140121  2.08191641  2.08121764
196.0  79.67012648  80.36813964  80.39235604  1.97307923  1.97248488  80.36764872  80.39296843  2.01752646  2.01689104  80.33446264  80.36143183  2.08178714  2.08108850
198.0  79.65500638  80.36744759  80.39163831  1.97202363  1.97143023  80.36758412  80.39287500  2.01637646  2.01574213  80.33449365  80.36145948  2.08165812  2.08095961
200.0  79.64005766  80.36674257  80.39090791  1.97098056  1.97038808  80.36751678  80.39277918  2.01523976  2.01460649  80.33452175  80.36148424  2.08152936  2.08083097
202.0  79.62527666  80.36602512  80.39016542  1.96994972  1.96935816  80.36744676  80.39268102  2.01411607  2.01348386  80.33454698  80.36150613  2.08140087  2.08070261
204.0  79.61065983  80.36529580  80.38941135  1.96893085  1.96834020  80.36737411  80.39258057  2.01300512  2.01237396  80.33456940  80.36152523  2.08127266  2.08057453
206.0  79.59620375  80.36455511  80.38864622  1.96792370  1.96733394  80.36729887  80.39247786  2.01190664  2.01127651  80.33458906  80.36154157  2.08114474  2.08044675
208.0  79.58190508  80.36380355  80.38787052  1.96692801  1.96633914  80.36722110  80.39237294  2.01082038  2.01019126  80.33460602  80.36155521  2.08101713  2.08031926
210.0  79.56776062  80.36304160  80.38708472  1.96594354  1.96535555  80.36714085  80.39226585  2.00974607  2.00911796  80.33462030  80.36156620  2.08088983  2.08019209
212.0  79.55376722  80.36226971  80.38628925  1.96497007  1.96438293  80.36705817  80.39215663  2.00868347  2.00805636  80.33463198  80.36157458  2.08076284  2.08006523
214.0  79.53992185  80.36148831  80.38548456  1.96400735  1.96342107  80.36697310  80.39204533  2.00763235  2.00700622  80.33464108  80.36158040  2.08063619  2.07993871
216.0  79.52622156  80.36069782  80.38467105  1.96305518  1.96246973  80.36688569  80.39193199  2.00659247  2.00596731  80.33464767  80.36158372  2.08050987  2.07981251
218.0  79.51266349  80.35989863  80.38384911  1.96211333  1.96152871  80.36679599  80.39181664  2.00556361  2.00493941  80.33465178  80.36158457  2.08038389  2.07968666
220.0  79.49924486  80.35909114  80.38301912  1.96118160  1.96059780  80.36670404  80.39169933  2.00454556  2.00392231  80.33465346  80.36158300  2.08025825  2.07956115
