# SMDR (Standard Model in Dimensional Regularization) v1.0
# Q = 173.100000;
# gauge  couplings: g3 = 1.163624;      g = 0.647660;      gp = 0.358539;
# Yukawa couplings: yt = 0.934801;     yb = 0.015480;    ytau = 0.00999444;
#                   yc = 0.0033820;    ys = 0.00029094;   ymu = 0.000588380;
#                   yu = 0.0000067228; yd = 0.000014610;   ye = 0.00000279298;
# Higgs self-coupling lambda = 0.126038;
# Higgs VEV = 246.601091;
# 
# COLUMN DESCRIPTIONS:
# 1  Q           (MSbar renormalization scale)
# 2  GFermi 10^5 (loopOrder = 0, tree-level)
# 3  GFermi 10^5 (loopOrder = 1, 1-loop)
# 4  GFermi 10^5 (loopOrder = 1.5, 1-loop plus 2-loop LO in QCD)
# 5  GFermi 10^5 (loopOrder = 2, full 2-loop)
# 6  GFermi/GFermi(experiment) (loopOrder = 0, tree-level)
# 7  GFermi/GFermi(experiment) (loopOrder = 1, 1-loop)
# 8  GFermi/GFermi(experiment) (loopOrder = 1.5, 1-loop plus 2-loop LO in QCD)
# 9  GFermi/GFermi(experiment) (loopOrder = 2, full 2-loop)
# 
# In the paper: arXiv:1907.02500
# Standard Model parameters in the tadpole-free pure MSbar scheme
# by Stephen P. Martin and David G. Robertson,
# Figure 3.3 graphs columns 3, 4, and 5 as a function of column 1.
# 
50.0  1.127823886  1.168490439  1.164246334  1.166644085  0.966944857  1.001810509  0.998171807  1.000227529
51.0  1.128443117  1.168390269  1.164333601  1.166641119  0.967475758  1.001724628  0.998246625  1.000224986
52.0  1.129048161  1.168294616  1.164416782  1.166637986  0.967994495  1.001642620  0.998317941  1.000222300
53.0  1.129639610  1.168203235  1.164496120  1.166634710  0.968501577  1.001564274  0.998385962  1.000219492
54.0  1.130218021  1.168115898  1.164571841  1.166631311  0.968997480  1.001489394  0.998450882  1.000216577
55.0  1.130783919  1.168032392  1.164644154  1.166627805  0.969482655  1.001417800  0.998512879  1.000213571
56.0  1.131337797  1.167952519  1.164713252  1.166624209  0.969957525  1.001349320  0.998572121  1.000210488
57.0  1.131880123  1.167876094  1.164779315  1.166620537  0.970422491  1.001283798  0.998628760  1.000207340
58.0  1.132411336  1.167802946  1.164842510  1.166616802  0.970877928  1.001221084  0.998682940  1.000204138
59.0  1.132931852  1.167732913  1.164902991  1.166613016  0.971324195  1.001161040  0.998734794  1.000200892
60.0  1.133442066  1.167665842  1.164960904  1.166609188  0.971761629  1.001103537  0.998784446  1.000197610
61.0  1.133942350  1.167601593  1.165016384  1.166605330  0.972190550  1.001048453  0.998832012  1.000194302
62.0  1.134433058  1.167540032  1.165069556  1.166601448  0.972611261  1.000995673  0.998877599  1.000190974
63.0  1.134914525  1.167481034  1.165120538  1.166597551  0.973024049  1.000945091  0.998921309  1.000187633
64.0  1.135387070  1.167424482  1.165169441  1.166593646  0.973429187  1.000896606  0.998963236  1.000184285
65.0  1.135850996  1.167370264  1.165216368  1.166589739  0.973826936  1.000850122  0.999003469  1.000180935
66.0  1.136306590  1.167318277  1.165261415  1.166585835  0.974217542  1.000805551  0.999042090  1.000177588
67.0  1.136754128  1.167268422  1.165304673  1.166581939  0.974601240  1.000762807  0.999079178  1.000174248
68.0  1.137193869  1.167220607  1.165346228  1.166578057  0.974978255  1.000721812  0.999114806  1.000170920
69.0  1.137626064  1.167174743  1.165386161  1.166574192  0.975348799  1.000682491  0.999149042  1.000167606
70.0  1.138050949  1.167130747  1.165424545  1.166570347  0.975713076  1.000644771  0.999181951  1.000164310
71.0  1.138468752  1.167088542  1.165461453  1.166566527  0.976071281  1.000608587  0.999213594  1.000161034
72.0  1.138879688  1.167048054  1.165496951  1.166562733  0.976423599  1.000573873  0.999244029  1.000157782
73.0  1.139283966  1.167009211  1.165531103  1.166558969  0.976770209  1.000540571  0.999273309  1.000154555
74.0  1.139681783  1.166971947  1.165563968  1.166555237  0.977111279  1.000508623  0.999301486  1.000151355
75.0  1.140073329  1.166936199  1.165595603  1.166551540  0.977446973  1.000477974  0.999328609  1.000148185
76.0  1.140458786  1.166901907  1.165626061  1.166547878  0.977777445  1.000448574  0.999354722  1.000145045
77.0  1.140838327  1.166869014  1.165655392  1.166544254  0.978102847  1.000420373  0.999379869  1.000141938
78.0  1.141212119  1.166837465  1.165683644  1.166540668  0.978423319  1.000393325  0.999404091  1.000138864
79.0  1.141580322  1.166807210  1.165710862  1.166537123  0.978739000  1.000367385  0.999427426  1.000135825
80.0  1.141943091  1.166778199  1.165737090  1.166533620  0.979050021  1.000342512  0.999449913  1.000132821
81.0  1.142300572  1.166750385  1.165762367  1.166530159  0.979356509  1.000318666  0.999471584  1.000129854
82.0  1.142652907  1.166723724  1.165786732  1.166526741  0.979658585  1.000295808  0.999492473  1.000126923
83.0  1.143000232  1.166698173  1.165810222  1.166523367  0.979956366  1.000273901  0.999512613  1.000124031
84.0  1.143342679  1.166673692  1.165832872  1.166520037  0.980249965  1.000252913  0.999532032  1.000121176
85.0  1.143680374  1.166650242  1.165854714  1.166516753  0.980539489  1.000232808  0.999550758  1.000118360
86.0  1.144013438  1.166627787  1.165875781  1.166513514  0.980825042  1.000213556  0.999568820  1.000115583
87.0  1.144341987  1.166606290  1.165896102  1.166510320  0.981106726  1.000195126  0.999586242  1.000112845
88.0  1.144666135  1.166585719  1.165915705  1.166507173  0.981384636  1.000177489  0.999603049  1.000110147
89.0  1.144985991  1.166566042  1.165934619  1.166504072  0.981658865  1.000160618  0.999619265  1.000107488
90.0  1.145301658  1.166547226  1.165952868  1.166501017  0.981929504  1.000144487  0.999634911  1.000104869
91.0  1.145613238  1.166529244  1.165970478  1.166498009  0.982196638  1.000129069  0.999650009  1.000102290
92.0  1.145920828  1.166512066  1.165987472  1.166495047  0.982460352  1.000114342  0.999664579  1.000099750
93.0  1.146224523  1.166495666  1.166003873  1.166492131  0.982720726  1.000100281  0.999678641  1.000097250
94.0  1.146524414  1.166480017  1.166019702  1.166489261  0.982977839  1.000086865  0.999692212  1.000094790
95.0  1.146820587  1.166465095  1.166034980  1.166486438  0.983231764  1.000074071  0.999705310  1.000092369
96.0  1.147113129  1.166450876  1.166049726  1.166483660  0.983482576  1.000061881  0.999717953  1.000089988
97.0  1.147402121  1.166437338  1.166063960  1.166480928  0.983730345  1.000050273  0.999730156  1.000087646
98.0  1.147687643  1.166424457  1.166077698  1.166478242  0.983975139  1.000039230  0.999741935  1.000085343
99.0  1.147969772  1.166412213  1.166090959  1.166475601  0.984217023  1.000028733  0.999753304  1.000083078
100.0  1.148248581  1.166400586  1.166103759  1.166473004  0.984456062  1.000018764  0.999764278  1.000080852
101.0  1.148524144  1.166389557  1.166116113  1.166470453  0.984692317  1.000009308  0.999774870  1.000078665
102.0  1.148796530  1.166379105  1.166128037  1.166467946  0.984925848  1.000000348  0.999785093  1.000076515
103.0  1.149065806  1.166369215  1.166139546  1.166465483  0.985156713  0.999991868  0.999794960  1.000074403
104.0  1.149332038  1.166359867  1.166150653  1.166463063  0.985384968  0.999983854  0.999804483  1.000072329
105.0  1.149595289  1.166351047  1.166161371  1.166460687  0.985610667  0.999976291  0.999813672  1.000070292
106.0  1.149855621  1.166342736  1.166171714  1.166458354  0.985833865  0.999969166  0.999822539  1.000068292
107.0  1.150113095  1.166334921  1.166181693  1.166456063  0.986054610  0.999962466  0.999831095  1.000066328
108.0  1.150367767  1.166327586  1.166191321  1.166453815  0.986272955  0.999956177  0.999839350  1.000064400
109.0  1.150619694  1.166320716  1.166200609  1.166451608  0.986488945  0.999950287  0.999847313  1.000062508
110.0  1.150868931  1.166314299  1.166209567  1.166449443  0.986702630  0.999944785  0.999854993  1.000060652
111.0  1.151115530  1.166308320  1.166218207  1.166447318  0.986914053  0.999939660  0.999862401  1.000058830
112.0  1.151359544  1.166302767  1.166226538  1.166445234  0.987123260  0.999934899  0.999869544  1.000057043
113.0  1.151601023  1.166297628  1.166234571  1.166443191  0.987330292  0.999930492  0.999876430  1.000055291
114.0  1.151840015  1.166292890  1.166242313  1.166441186  0.987535193  0.999926430  0.999883068  1.000053573
115.0  1.152076567  1.166288541  1.166249775  1.166439222  0.987738002  0.999922702  0.999889466  1.000051888
116.0  1.152310725  1.166284572  1.166256965  1.166437296  0.987938759  0.999919299  0.999895630  1.000050237
117.0  1.152542535  1.166280970  1.166263892  1.166435408  0.988137502  0.999916211  0.999901569  1.000048619
118.0  1.152772040  1.166277726  1.166270563  1.166433558  0.988334269  0.999913429  0.999907288  1.000047033
119.0  1.152999281  1.166274829  1.166276986  1.166431746  0.988529096  0.999910946  0.999912795  1.000045479
120.0  1.153224302  1.166272270  1.166283168  1.166429971  0.988722018  0.999908752  0.999918095  1.000043957
121.0  1.153447141  1.166270040  1.166289118  1.166428233  0.988913070  0.999906840  0.999923196  1.000042467
122.0  1.153667837  1.166268128  1.166294841  1.166426531  0.989102285  0.999905201  0.999928103  1.000041008
123.0  1.153886429  1.166266527  1.166300345  1.166424864  0.989289696  0.999903828  0.999932822  1.000039579
124.0  1.154102955  1.166265228  1.166305635  1.166423233  0.989475335  0.999902715  0.999937358  1.000038181
125.0  1.154317449  1.166264223  1.166310719  1.166421637  0.989659232  0.999901853  0.999941716  1.000036812
126.0  1.154529948  1.166263504  1.166315602  1.166420076  0.989841419  0.999901236  0.999945903  1.000035474
127.0  1.154740485  1.166263062  1.166320290  1.166418549  0.990021924  0.999900857  0.999949922  1.000034164
128.0  1.154949094  1.166262891  1.166324788  1.166417055  0.990200776  0.999900711  0.999953779  1.000032884
129.0  1.155155809  1.166262983  1.166329103  1.166415595  0.990378004  0.999900790  0.999957478  1.000031632
130.0  1.155360659  1.166263332  1.166333239  1.166414167  0.990553634  0.999901089  0.999961024  1.000030408
131.0  1.155563678  1.166263930  1.166337201  1.166412772  0.990727693  0.999901601  0.999964421  1.000029212
132.0  1.155764895  1.166264771  1.166340994  1.166411410  0.990900207  0.999902322  0.999967673  1.000028044
133.0  1.155964339  1.166265848  1.166344624  1.166410078  0.991071201  0.999903246  0.999970785  1.000026902
134.0  1.156162041  1.166267156  1.166348094  1.166408778  0.991240701  0.999904367  0.999973760  1.000025788
135.0  1.156358027  1.166268688  1.166351409  1.166407510  0.991408731  0.999905681  0.999976602  1.000024700
136.0  1.156552325  1.166270439  1.166354574  1.166406271  0.991575313  0.999907182  0.999979315  1.000023638
137.0  1.156744962  1.166272403  1.166357591  1.166405063  0.991740472  0.999908865  0.999981902  1.000022602
138.0  1.156935966  1.166274573  1.166360467  1.166403884  0.991904229  0.999910727  0.999984368  1.000021592
139.0  1.157125360  1.166276946  1.166363204  1.166402735  0.992066608  0.999912761  0.999986714  1.000020606
140.0  1.157313171  1.166279516  1.166365806  1.166401615  0.992227628  0.999914964  0.999988945  1.000019646
141.0  1.157499422  1.166282278  1.166368276  1.166400523  0.992387312  0.999917332  0.999991063  1.000018710
142.0  1.157684139  1.166285226  1.166370619  1.166399460  0.992545679  0.999919860  0.999993072  1.000017798
143.0  1.157867344  1.166288357  1.166372838  1.166398424  0.992702751  0.999922544  0.999994974  1.000016911
144.0  1.158049060  1.166291666  1.166374936  1.166397416  0.992858546  0.999925381  0.999996773  1.000016047
145.0  1.158229309  1.166295148  1.166376917  1.166396436  0.993013083  0.999928366  0.999998471  1.000015206
146.0  1.158408114  1.166298798  1.166378783  1.166395482  0.993166383  0.999931496  1.000000071  1.000014388
147.0  1.158585497  1.166302614  1.166380537  1.166394555  0.993318462  0.999934767  1.000001575  1.000013593
148.0  1.158761477  1.166306590  1.166382183  1.166393654  0.993469340  0.999938176  1.000002986  1.000012821
149.0  1.158936076  1.166310722  1.166383723  1.166392778  0.993619033  0.999941719  1.000004306  1.000012070
150.0  1.159109313  1.166315007  1.166385160  1.166391929  0.993767558  0.999945393  1.000005539  1.000011342
151.0  1.159281208  1.166319441  1.166386497  1.166391104  0.993914934  0.999949194  1.000006685  1.000010635
152.0  1.159451782  1.166324021  1.166387736  1.166390305  0.994061176  0.999953120  1.000007747  1.000009949
153.0  1.159621051  1.166328742  1.166388880  1.166389529  0.994206300  0.999957168  1.000008728  1.000009285
154.0  1.159789036  1.166333601  1.166389932  1.166388779  0.994350322  0.999961334  1.000009630  1.000008641
155.0  1.159955753  1.166338595  1.166390893  1.166388052  0.994493258  0.999965616  1.000010454  1.000008018
156.0  1.160121221  1.166343720  1.166391766  1.166387348  0.994635123  0.999970010  1.000011202  1.000007415
157.0  1.160285458  1.166348974  1.166392554  1.166386668  0.994775931  0.999974515  1.000011878  1.000006832
158.0  1.160448479  1.166354354  1.166393258  1.166386012  0.994915698  0.999979127  1.000012481  1.000006269
159.0  1.160610302  1.166359855  1.166393880  1.166385377  0.995054438  0.999983843  1.000013015  1.000005725
160.0  1.160770943  1.166365476  1.166394424  1.166384766  0.995192164  0.999988662  1.000013481  1.000005201
161.0  1.160930418  1.166371213  1.166394890  1.166384176  0.995328891  0.999993581  1.000013880  1.000004695
162.0  1.161088743  1.166377064  1.166395280  1.166383609  0.995464632  0.999998597  1.000014215  1.000004208
163.0  1.161245933  1.166383025  1.166395597  1.166383063  0.995599399  1.000003708  1.000014487  1.000003740
164.0  1.161402004  1.166389095  1.166395843  1.166382538  0.995733207  1.000008912  1.000014697  1.000003291
165.0  1.161556969  1.166395271  1.166396018  1.166382034  0.995866067  1.000014207  1.000014848  1.000002859
166.0  1.161710844  1.166401549  1.166396126  1.166381552  0.995997993  1.000019590  1.000014940  1.000002445
167.0  1.161863643  1.166407928  1.166396167  1.166381089  0.996128995  1.000025059  1.000014975  1.000002049
168.0  1.162015379  1.166414406  1.166396143  1.166380647  0.996259087  1.000030613  1.000014955  1.000001670
169.0  1.162166067  1.166420979  1.166396057  1.166380226  0.996388280  1.000036248  1.000014881  1.000001308
170.0  1.162315720  1.166427646  1.166395908  1.166379823  0.996516586  1.000041964  1.000014754  1.000000963
171.0  1.162464351  1.166434404  1.166395700  1.166379441  0.996644015  1.000047758  1.000014575  1.000000635
172.0  1.162611973  1.166441252  1.166395433  1.166379078  0.996770580  1.000053629  1.000014346  1.000000324
173.0  1.162758599  1.166448187  1.166395109  1.166378733  0.996896290  1.000059575  1.000014068  1.000000029
174.0  1.162904241  1.166455207  1.166394729  1.166378408  0.997021157  1.000065593  1.000013742  0.999999750
175.0  1.163048911  1.166462309  1.166394294  1.166378101  0.997145191  1.000071683  1.000013370  0.999999487
176.0  1.163192623  1.166469493  1.166393807  1.166377813  0.997268402  1.000077842  1.000012952  0.999999239
177.0  1.163335386  1.166476756  1.166393268  1.166377542  0.997390801  1.000084069  1.000012490  0.999999007
178.0  1.163477213  1.166484097  1.166392678  1.166377290  0.997512397  1.000090362  1.000011984  0.999998791
179.0  1.163618116  1.166491513  1.166392039  1.166377055  0.997633201  1.000096721  1.000011437  0.999998590
180.0  1.163758105  1.166499002  1.166391353  1.166376838  0.997753221  1.000103142  1.000010848  0.999998403
181.0  1.163897192  1.166506564  1.166390619  1.166376638  0.997872468  1.000109625  1.000010219  0.999998232
182.0  1.164035387  1.166514196  1.166389839  1.166376454  0.997990950  1.000116168  1.000009550  0.999998075
183.0  1.164172701  1.166521896  1.166389015  1.166376288  0.998108677  1.000122770  1.000008844  0.999997932
184.0  1.164309144  1.166529664  1.166388147  1.166376138  0.998225657  1.000129429  1.000008100  0.999997804
185.0  1.164444727  1.166537496  1.166387237  1.166376005  0.998341899  1.000136145  1.000007319  0.999997690
186.0  1.164579459  1.166545393  1.166386285  1.166375888  0.998457413  1.000142915  1.000006503  0.999997589
187.0  1.164713351  1.166553352  1.166385293  1.166375787  0.998572206  1.000149739  1.000005652  0.999997503
188.0  1.164846413  1.166561372  1.166384261  1.166375702  0.998686287  1.000156615  1.000004768  0.999997430
189.0  1.164978653  1.166569452  1.166383191  1.166375632  0.998799664  1.000163542  1.000003850  0.999997370
190.0  1.165110082  1.166577589  1.166382083  1.166375578  0.998912345  1.000170518  1.000002900  0.999997323
191.0  1.165240708  1.166585783  1.166380938  1.166375539  0.999024338  1.000177544  1.000001919  0.999997290
192.0  1.165370541  1.166594033  1.166379757  1.166375515  0.999135650  1.000184617  1.000000906  0.999997270
193.0  1.165499590  1.166602336  1.166378542  1.166375506  0.999246291  1.000191736  0.999999864  0.999997262
194.0  1.165627863  1.166610693  1.166377292  1.166375512  0.999356266  1.000198900  0.999998793  0.999997267
195.0  1.165755369  1.166619100  1.166376009  1.166375532  0.999465584  1.000206108  0.999997693  0.999997284
196.0  1.165882116  1.166627558  1.166374693  1.166375567  0.999574252  1.000213360  0.999996565  0.999997314
197.0  1.166008114  1.166636066  1.166373346  1.166375616  0.999682276  1.000220654  0.999995410  0.999997356
198.0  1.166133369  1.166644621  1.166371968  1.166375678  0.999789665  1.000227988  0.999994228  0.999997409
199.0  1.166257892  1.166653222  1.166370559  1.166375755  0.999896424  1.000235363  0.999993021  0.999997475
200.0  1.166381688  1.166661870  1.166369121  1.166375845  1.000002562  1.000242777  0.999991788  0.999997552
201.0  1.166504767  1.166670562  1.166367655  1.166375949  1.000108084  1.000250229  0.999990530  0.999997641
202.0  1.166627135  1.166679297  1.166366160  1.166376066  1.000212997  1.000257719  0.999989249  0.999997742
203.0  1.166748801  1.166688075  1.166364637  1.166376196  1.000317308  1.000265244  0.999987943  0.999997853
204.0  1.166869772  1.166696895  1.166363088  1.166376339  1.000421023  1.000272806  0.999986615  0.999997976
205.0  1.166990056  1.166705754  1.166361513  1.166376495  1.000524148  1.000280402  0.999985265  0.999998110
206.0  1.167109659  1.166714654  1.166359912  1.166376664  1.000626691  1.000288031  0.999983892  0.999998255
207.0  1.167228589  1.166723591  1.166358287  1.166376846  1.000728656  1.000295694  0.999982498  0.999998410
208.0  1.167346852  1.166732566  1.166356637  1.166377040  1.000830050  1.000303389  0.999981084  0.999998576
209.0  1.167464457  1.166741578  1.166354963  1.166377246  1.000930879  1.000311115  0.999979649  0.999998753
210.0  1.167581409  1.166750626  1.166353266  1.166377464  1.001031148  1.000318872  0.999978194  0.999998940
211.0  1.167697716  1.166759708  1.166351547  1.166377694  1.001130864  1.000326659  0.999976720  0.999999138
212.0  1.167813383  1.166768824  1.166349806  1.166377936  1.001230032  1.000334475  0.999975227  0.999999345
213.0  1.167928418  1.166777974  1.166348043  1.166378190  1.001328658  1.000342319  0.999973716  0.999999563
214.0  1.168042827  1.166787156  1.166346259  1.166378455  1.001426747  1.000350191  0.999972187  0.999999790
215.0  1.168156616  1.166796369  1.166344455  1.166378732  1.001524304  1.000358090  0.999970640  1.000000028
216.0  1.168269792  1.166805613  1.166342631  1.166379020  1.001621336  1.000366016  0.999969076  1.000000275
217.0  1.168382360  1.166814887  1.166340787  1.166379319  1.001717847  1.000373967  0.999967496  1.000000531
218.0  1.168494327  1.166824190  1.166338925  1.166379630  1.001813842  1.000381943  0.999965899  1.000000797
219.0  1.168605699  1.166833522  1.166337044  1.166379951  1.001909328  1.000389944  0.999964286  1.000001073
220.0  1.168716481  1.166842881  1.166335145  1.166380283  1.002004307  1.000397968  0.999962658  1.000001357
221.0  1.168826680  1.166852268  1.166333228  1.166380626  1.002098787  1.000406015  0.999961014  1.000001651
222.0  1.168936301  1.166861680  1.166331294  1.166380979  1.002192770  1.000414085  0.999959356  1.000001954
223.0  1.169045349  1.166871119  1.166329343  1.166381342  1.002286264  1.000422177  0.999957684  1.000002265
224.0  1.169153831  1.166880582  1.166327376  1.166381716  1.002379271  1.000430291  0.999955998  1.000002586
225.0  1.169261751  1.166890070  1.166325394  1.166382100  1.002471797  1.000438425  0.999954297  1.000002915
226.0  1.169369116  1.166899581  1.166323395  1.166382495  1.002563847  1.000446580  0.999952584  1.000003253
227.0  1.169475930  1.166909116  1.166321382  1.166382899  1.002655424  1.000454754  0.999950858  1.000003600
228.0  1.169582199  1.166918672  1.166319353  1.166383312  1.002746534  1.000462948  0.999949119  1.000003955
229.0  1.169687928  1.166928251  1.166317311  1.166383736  1.002837181  1.000471160  0.999947367  1.000004318
230.0  1.169793122  1.166937851  1.166315254  1.166384169  1.002927370  1.000479391  0.999945604  1.000004689
231.0  1.169897786  1.166947472  1.166313183  1.166384612  1.003017104  1.000487639  0.999943829  1.000005069
232.0  1.170001924  1.166957113  1.166311100  1.166385064  1.003106388  1.000495905  0.999942043  1.000005456
233.0  1.170105543  1.166966773  1.166309003  1.166385526  1.003195226  1.000504187  0.999940245  1.000005852
234.0  1.170208647  1.166976452  1.166306894  1.166385996  1.003283622  1.000512485  0.999938437  1.000006255
235.0  1.170311240  1.166986150  1.166304772  1.166386476  1.003371581  1.000520800  0.999936618  1.000006667
236.0  1.170413327  1.166995866  1.166302639  1.166386964  1.003459106  1.000529130  0.999934788  1.000007086
237.0  1.170514913  1.167005599  1.166300493  1.166387462  1.003546201  1.000537475  0.999932949  1.000007512
238.0  1.170616003  1.167015349  1.166298337  1.166387968  1.003632870  1.000545834  0.999931100  1.000007946
239.0  1.170716600  1.167025116  1.166296169  1.166388483  1.003719118  1.000554207  0.999929242  1.000008388
240.0  1.170816710  1.167034898  1.166293990  1.166389007  1.003804948  1.000562595  0.999927374  1.000008836
241.0  1.170916337  1.167044696  1.166291802  1.166389539  1.003890363  1.000570995  0.999925497  1.000009293
242.0  1.171015484  1.167054510  1.166289602  1.166390079  1.003975368  1.000579408  0.999923612  1.000009756
243.0  1.171114158  1.167064337  1.166287393  1.166390628  1.004059966  1.000587834  0.999921718  1.000010226
244.0  1.171212361  1.167074179  1.166285175  1.166391185  1.004144160  1.000596272  0.999919816  1.000010704
245.0  1.171310097  1.167084035  1.166282946  1.166391749  1.004227955  1.000604722  0.999917905  1.000011188
246.0  1.171407372  1.167093904  1.166280709  1.166392322  1.004311354  1.000613183  0.999915987  1.000011679
247.0  1.171504188  1.167103785  1.166278463  1.166392903  1.004394360  1.000621655  0.999914061  1.000012177
248.0  1.171600551  1.167113679  1.166276208  1.166393492  1.004476977  1.000630138  0.999912128  1.000012682
249.0  1.171696464  1.167123586  1.166273945  1.166394089  1.004559209  1.000638631  0.999910188  1.000013193
250.0  1.171791930  1.167133503  1.166271674  1.166394693  1.004641057  1.000647134  0.999908240  1.000013711
251.0  1.171886954  1.167143433  1.166269394  1.166395304  1.004722527  1.000655647  0.999906286  1.000014236
252.0  1.171981540  1.167153373  1.166267107  1.166395924  1.004803620  1.000664169  0.999904326  1.000014767
253.0  1.172075691  1.167163323  1.166264813  1.166396550  1.004884341  1.000672700  0.999902358  1.000015304
254.0  1.172169412  1.167173284  1.166262511  1.166397184  1.004964693  1.000681240  0.999900385  1.000015848
255.0  1.172262705  1.167183254  1.166260203  1.166397825  1.005044678  1.000689788  0.999898406  1.000016397
256.0  1.172355574  1.167193234  1.166257887  1.166398474  1.005124300  1.000698345  0.999896421  1.000016953
257.0  1.172448023  1.167203223  1.166255565  1.166399129  1.005203561  1.000706909  0.999894430  1.000017515
258.0  1.172540056  1.167213221  1.166253236  1.166399792  1.005282466  1.000715480  0.999892433  1.000018083
259.0  1.172631675  1.167223227  1.166250902  1.166400461  1.005361016  1.000724059  0.999890431  1.000018657
260.0  1.172722885  1.167233241  1.166248561  1.166401138  1.005439216  1.000732645  0.999888424  1.000019237
261.0  1.172813689  1.167243263  1.166246214  1.166401821  1.005517067  1.000741237  0.999886413  1.000019823
262.0  1.172904090  1.167253293  1.166243862  1.166402510  1.005594572  1.000749836  0.999884396  1.000020414
263.0  1.172994091  1.167263330  1.166241504  1.166403207  1.005671735  1.000758441  0.999882374  1.000021011
264.0  1.173083697  1.167273373  1.166239141  1.166403910  1.005748559  1.000767052  0.999880348  1.000021614
265.0  1.173172909  1.167283423  1.166236772  1.166404619  1.005825046  1.000775669  0.999878318  1.000022222
266.0  1.173261732  1.167293480  1.166234399  1.166405335  1.005901198  1.000784290  0.999876283  1.000022836
267.0  1.173350168  1.167303542  1.166232021  1.166406057  1.005977019  1.000792918  0.999874244  1.000023455
268.0  1.173438220  1.167313610  1.166229639  1.166406786  1.006052511  1.000801549  0.999872202  1.000024080
269.0  1.173525892  1.167323684  1.166227252  1.166407521  1.006127677  1.000810186  0.999870155  1.000024709
270.0  1.173613187  1.167333762  1.166224860  1.166408262  1.006202520  1.000818827  0.999868105  1.000025345
271.0  1.173700108  1.167343846  1.166222465  1.166409008  1.006277042  1.000827472  0.999866051  1.000025985
