# SMDR (Standard Model in Dimensional Regularization) v1.0
# Q = 173.100000;
# gauge  couplings: g3 = 1.163624;      g = 0.647660;      gp = 0.358539;
# Yukawa couplings: yt = 0.934801;     yb = 0.015480;    ytau = 0.00999444;
#                   yc = 0.0033820;    ys = 0.00029094;   ymu = 0.000588380;
#                   yu = 0.0000067228; yd = 0.000014610;   ye = 0.00000279298;
# Higgs self-coupling lambda = 0.126038;
# Higgs VEV = 246.601091;
# Higgs mass^2 parameter m2 = -8626.480863 = -(92.878850)^2;
# 
# COLUMN DESCRIPTIONS:
# 1  Q (MSbar renormalization scale)
# 2  v(0)   (loopOrder = 0,   tree-level)
# 3  v(1)   (loopOrder = 1,   1-loop)
# 4  v(2)   (loopOrder = 2,   2-loop)
# 5  v(2.5) (loopOrder = 2.5, includes leading 3-loop)
# 6  v(3)   (loopOrder = 3,   full 3-loop)
# 7  v(3.5) (loopOrder = 3.5, full 3-loop + QCD 4-loop)
# 8  v(0)/vrun
# 9  v(1)/vrun
# 10  v(2)/vrun
# 11  v(2.5)/vrun
# 12  v(3)/vrun
# 13  v(3.5)/vrun
# 
# In the paper: arXiv:1907.02500
# Standard Model parameters in the tadpole-free pure MSbar scheme
# by Stephen P. Martin and David G. Robertson,
# Figure 3.2a graphs columns 3, 4, 5, 6, and 7 as a function of column 1, and
# Figure 3.2b graphs columns 10, 11, 12, and 13 as a function of column 1.
# 
60.0  235.59072100  254.60391476  249.49631948  249.52413802  249.83838158  249.79822841  0.94322509  1.01934745  0.99889837  0.99900975  1.00026787  1.00010711
62.0  236.39011740  254.15391476  249.43691764  249.43017688  249.72521984  249.68583665  0.94683925  1.01799053  0.99909703  0.99907003  1.00025180  1.00009405
64.0  237.16435250  253.74102636  249.37600780  249.33975628  249.61715728  249.57792358  0.95033972  1.01676401  0.99927297  0.99912770  1.00023928  1.00008206
66.0  237.91498223  253.36136902  249.31408187  249.25259268  249.51374379  249.47418928  0.95373353  1.01565371  0.99942929  0.99918279  1.00022967  1.00007111
68.0  238.64342223  253.01157688  249.25154351  249.16843905  249.41458792  249.37435928  0.95702707  1.01464740  0.99956861  0.99923534  1.00022247  1.00006114
70.0  239.35096422  252.68871653  249.18872393  249.08707862  249.31934724  249.27818224  0.96022616  1.01373444  0.99969320  0.99928542  1.00021723  1.00005209
72.0  240.03879009  252.39021998  249.12589490  249.00832016  249.22772046  249.18542779  0.96333614  1.01290554  0.99980498  0.99933312  1.00021363  1.00004390
74.0  240.70798399  252.11382936  249.06327884  248.93199376  249.13944127  249.09588473  0.96636190  1.01215254  0.99990561  0.99937854  1.00021137  1.00003651
76.0  241.35954285  251.85755188  249.00105749  248.85794774  249.05427290  249.00935896  0.96930794  1.01146829  0.99999652  0.99942179  1.00021023  1.00002986
78.0  241.99438545  251.61962203  248.93937877  248.78604599  248.97200406  248.92567208  0.97217842  1.01084645  1.00007895  0.99946296  1.00021002  1.00002389
80.0  242.61336044  251.39847045  248.87836249  248.71616581  248.89244530  248.84465983  0.97497716  1.01028141  1.00015399  0.99950218  1.00021058  1.00001855
82.0  243.21725328  251.19269726  248.81810498  248.64819600  248.81542609  248.76617076  0.97770772  1.00976816  1.00022255  0.99953953  1.00021178  1.00001378
84.0  243.80679236  251.00105011  248.75868301  248.58203555  248.74079230  248.69006505  0.98037337  1.00930226  1.00028546  0.99957514  1.00021352  1.00000954
86.0  244.38265440  250.82240525  248.70015707  248.51759210  248.66840425  248.61621354  0.98297719  1.00887971  1.00034342  0.99960909  1.00021570  1.00000578
88.0  244.94546926  250.65575173  248.64257386  248.45478108  248.59813477  248.54449658  0.98552201  1.00849695  1.00039707  0.99964149  1.00021827  1.00000246
90.0  245.49582412  250.50017742  248.58596868  248.39352471  248.52986766  248.47480313  0.98801048  1.00815076  1.00044693  0.99967243  1.00022115  0.99999954
92.0  246.03426731  250.35485750  248.53036724  248.33375127  248.46349689  248.40703052  0.99044509  1.00783823  1.00049349  0.99970199  1.00022429  0.99999698
94.0  246.56131161  250.21904429  248.47578723  248.27539440  248.39892471  248.34108269  0.99282815  1.00755674  1.00053717  0.99973025  1.00022767  0.99999476
96.0  247.07743732  250.09205852  248.42223964  248.21839251  248.33606111  248.27687108  0.99516184  1.00730392  1.00057834  0.99975730  1.00023124  0.99999283
98.0  247.58309491  249.97328171  248.36972983  248.16268841  248.27482327  248.21431215  0.99744817  1.00707762  1.00061732  0.99978321  1.00023497  0.99999118
100.0  248.07870742  249.86214970  248.31825856  248.10822870  248.21513460  248.15332880  0.99968908  1.00687586  1.00065441  0.99980804  1.00023884  0.99998978
102.0  248.56467272  249.75814673  248.26782264  248.05496352  248.15692379  248.09384854  1.00188635  1.00669687  1.00068984  0.99983187  1.00024284  0.99998861
104.0  249.04136541  249.66080049  248.21841568  248.00284616  248.10012490  248.03580429  1.00404169  1.00653902  1.00072386  0.99985476  1.00024696  0.99998764
106.0  249.50913859  249.56967768  248.17002865  247.95183282  248.04467563  247.97913098  1.00615667  1.00640080  1.00075665  0.99987677  1.00025116  0.99998685
108.0  249.96832555  249.48438013  248.12265032  247.90188234  247.99051909  247.92377066  1.00823282  1.00628086  1.00078840  0.99989794  1.00025546  0.99998623
110.0  250.41924114  249.40454129  248.07626772  247.85295593  247.93760163  247.86966727  1.01027156  1.00617793  1.00081925  0.99991834  1.00025983  0.99998576
112.0  250.86218317  249.32982332  248.03086643  247.80501703  247.88587267  247.81676822  1.01227423  1.00609088  1.00084935  0.99993801  1.00026428  0.99998543
114.0  251.29743359  249.25991420  247.98643087  247.75803113  247.83528518  247.76502557  1.01424210  1.00601862  1.00087882  0.99995699  1.00026879  0.99998522
116.0  251.72525959  249.19452548  247.94294464  247.71196555  247.78579474  247.71438902  1.01617639  1.00596020  1.00090776  0.99997533  1.00027337  0.99998511
118.0  252.14591465  249.13339007  247.90039059  247.66678935  247.73735940  247.66481840  1.01807823  1.00591470  1.00093627  0.99999307  1.00027801  0.99998511
120.0  252.55963943  249.07626033  247.85875108  247.62247318  247.68994030  247.61627148  1.01994873  1.00588129  1.00096444  1.00001024  1.00028271  0.99998520
122.0  252.96666262  249.02290639  247.81800813  247.57898917  247.64349988  247.56870887  1.02178891  1.00585919  1.00099234  1.00002689  1.00028746  0.99998536
124.0  253.36720176  248.97311454  247.77814351  247.53631083  247.59800354  247.52209410  1.02359975  1.00584770  1.00102004  1.00004304  1.00029227  0.99998560
126.0  253.76146390  248.92668600  247.73913890  247.49441294  247.55341829  247.47639254  1.02538219  1.00584615  1.00104759  1.00005872  1.00029714  0.99998590
128.0  254.14964632  248.88343547  247.70097592  247.45327149  247.50971116  247.43156930  1.02713713  1.00585392  1.00107505  1.00007396  1.00030206  0.99998625
130.0  254.53193707  248.84319018  247.66363625  247.41286357  247.46685443  247.38759485  1.02886542  1.00587044  1.00110247  1.00008880  1.00030704  0.99998666
132.0  254.90851562  248.80578880  247.62710168  247.37316731  247.42481819  247.34443921  1.03056786  1.00589518  1.00112988  1.00010325  1.00031207  0.99998710
134.0  255.27955331  248.77108054  247.59135415  247.33416182  247.38357772  247.30207396  1.03224523  1.00592765  1.00115732  1.00011734  1.00031716  0.99998759
136.0  255.64521384  248.73892432  247.55637582  247.29582713  247.34310548  247.26047207  1.03389827  1.00596737  1.00118482  1.00013109  1.00032230  0.99998811
138.0  256.00565376  248.70918802  247.52214906  247.25814411  247.30337791  247.21960833  1.03552769  1.00601392  1.00121242  1.00014453  1.00032750  0.99998866
140.0  256.36102284  248.68174780  247.48865655  247.22109445  247.26437185  247.17945849  1.03713417  1.00606689  1.00124012  1.00015767  1.00033276  0.99998923
142.0  256.71146448  248.65648747  247.45588123  247.18466061  247.22606518  247.13999949  1.03871835  1.00612591  1.00126796  1.00017054  1.00033807  0.99998983
144.0  257.05711604  248.63329791  247.42380636  247.14882576  247.18843672  247.10120836  1.04028086  1.00619063  1.00129596  1.00018314  1.00034344  0.99999044
146.0  257.39810921  248.61207656  247.39241553  247.11357374  247.15146644  247.06306510  1.04182229  1.00626071  1.00132412  1.00019550  1.00034887  0.99999106
148.0  257.73457030  248.59272697  247.36169268  247.07888904  247.11513519  247.02554951  1.04334322  1.00633584  1.00135246  1.00020763  1.00035436  0.99999170
150.0  258.06662052  248.57515832  247.33162207  247.04475676  247.07942429  246.98864238  1.04484419  1.00641574  1.00138099  1.00021955  1.00035991  0.99999235
152.0  258.39437626  248.55928506  247.30218831  247.01116254  247.04431455  246.95232557  1.04632572  1.00650013  1.00140972  1.00023126  1.00036551  0.99999301
154.0  258.71794936  248.54502653  247.27337637  246.97809261  247.00984246  246.91664817  1.04778833  1.00658876  1.00143867  1.00024279  1.00037138  0.99999395
156.0  259.03744732  248.53230663  247.24517158  246.94553368  246.97584390  246.88139045  1.04923250  1.00668138  1.00146783  1.00025415  1.00037692  0.99999433
158.0  259.35297352  248.52105349  247.21755960  246.91347297  246.94244391  246.84674320  1.05065870  1.00677777  1.00149721  1.00026534  1.00038270  0.99999501
160.0  259.66462746  248.51119923  247.19052647  246.88189814  246.90958582  246.81261954  1.05206738  1.00687771  1.00152682  1.00027637  1.00038855  0.99999568
162.0  259.97250492  248.50267965  247.16405856  246.85079732  246.87725156  246.77900436  1.05345897  1.00698101  1.00155666  1.00028727  1.00039446  0.99999635
164.0  260.27669815  248.49543403  247.13814257  246.82015905  246.84542894  246.74588519  1.05483389  1.00708748  1.00158673  1.00029803  1.00040044  0.99999701
166.0  260.57729605  248.48940486  247.11276557  246.78997225  246.81409834  246.71325033  1.05619254  1.00719694  1.00161703  1.00030866  1.00040645  0.99999769
168.0  260.87438432  248.48453768  247.08791494  246.76022626  246.78326459  246.68108010  1.05753530  1.00730921  1.00164757  1.00031918  1.00041257  0.99999834
170.0  261.16804565  248.48078088  247.06357840  246.73091075  246.75289802  246.64936687  1.05886256  1.00742415  1.00167834  1.00032959  1.00041874  0.99999899
172.0  261.45835978  248.47808550  247.03974399  246.70201575  246.72299302  246.61809837  1.06017468  1.00754160  1.00170934  1.00033990  1.00042496  0.99999963
174.0  261.74540372  248.47640508  247.01640004  246.67353163  246.69353497  246.58726896  1.06147199  1.00766142  1.00174057  1.00035012  1.00043124  1.00000029
176.0  262.02925183  248.47569550  246.99353524  246.64544906  246.66451998  246.55685620  1.06275485  1.00778348  1.00177204  1.00036025  1.00043760  1.00000093
178.0  262.30997596  248.47591487  246.97113853  246.61775903  246.63593277  246.52685549  1.06402357  1.00790764  1.00180373  1.00037029  1.00044401  1.00000156
180.0  262.58764553  248.47702336  246.94919917  246.59045280  246.60776084  246.49725635  1.06527846  1.00803380  1.00183565  1.00038027  1.00045048  1.00000218
182.0  262.86232769  248.47898308  246.92770670  246.56352193  246.57999881  246.46804877  1.06651984  1.00816183  1.00186779  1.00039017  1.00045702  1.00000280
184.0  263.13408737  248.48175801  246.90665095  246.53695823  246.55263372  246.43922033  1.06774800  1.00829163  1.00190015  1.00040001  1.00046362  1.00000341
186.0  263.40298740  248.48531384  246.88602200  246.51075377  246.52565633  246.41076519  1.06896321  1.00842310  1.00193273  1.00040979  1.00047027  1.00000400
188.0  263.66908860  248.48961790  246.86581022  246.48490086  246.49906413  246.38267367  1.07016576  1.00855615  1.00196552  1.00041951  1.00047700  1.00000460
190.0  263.93244985  248.49463905  246.84600623  246.45939205  246.47284248  246.35493788  1.07135591  1.00869067  1.00199853  1.00042918  1.00048378  1.00000518
192.0  264.19312821  248.50034764  246.82660089  246.43422011  246.44698318  246.32754716  1.07253391  1.00882658  1.00203174  1.00043881  1.00049062  1.00000575
194.0  264.45117893  248.50671536  246.80758532  246.40937803  246.42148049  246.30049598  1.07370003  1.00896381  1.00206516  1.00044839  1.00049753  1.00000632
196.0  264.70665560  248.51371522  246.78895087  246.38485900  246.39632406  246.27377975  1.07485450  1.00910227  1.00209877  1.00045794  1.00050449  1.00000690
198.0  264.95961014  248.52132144  246.77068912  246.36065643  246.37150709  246.24737617  1.07599756  1.00924188  1.00213259  1.00046745  1.00051151  1.00000742
200.0  265.21009294  248.52950943  246.75279187  246.33676388  246.34702493  246.22129577  1.07712943  1.00938259  1.00216659  1.00047693  1.00051860  1.00000796
202.0  265.45815288  248.53825567  246.73525116  246.31317514  246.32287100  246.19553053  1.07825034  1.00952431  1.00220078  1.00048637  1.00052576  1.00000852
204.0  265.70383738  248.54753771  246.71805922  246.28988415  246.29902807  246.17005261  1.07936050  1.00966699  1.00223516  1.00049580  1.00053294  1.00000901
206.0  265.94719249  248.55733407  246.70120848  246.26688503  246.27550170  246.14487891  1.08046012  1.00981057  1.00226971  1.00050519  1.00054020  1.00000952
208.0  266.18826293  248.56762424  246.68469160  246.24417206  246.25228062  246.11999407  1.08154940  1.00995499  1.00230445  1.00051457  1.00054752  1.00001002
210.0  266.42709214  248.57838853  246.66850141  246.22173966  246.22935867  246.09539350  1.08262853  1.01010019  1.00233935  1.00052393  1.00055489  1.00001052
212.0  266.66372230  248.58960817  246.65263092  246.19958246  246.20673126  246.07106941  1.08369772  1.01024612  1.00237442  1.00053327  1.00056232  1.00001101
214.0  266.89819443  248.60126515  246.63707335  246.17769518  246.18439194  246.04702069  1.08475714  1.01039274  1.00240965  1.00054260  1.00056982  1.00001150
216.0  267.13054841  248.61334222  246.62182208  246.15607270  246.16233527  246.02323665  1.08580698  1.01053999  1.00244505  1.00055191  1.00057737  1.00001197
218.0  267.36082300  248.62582288  246.60687064  246.13471005  246.14054796  245.99970605  1.08684740  1.01068783  1.00248060  1.00056122  1.00058495  1.00001241
220.0  267.58905592  248.63869130  246.59221280  246.11360236  246.11903621  245.97643652  1.08787859  1.01083622  1.00251630  1.00057051  1.00059261  1.00001287
222.0  267.81528385  248.65193230  246.57784241  246.09274492  246.09778818  245.95341680  1.08890071  1.01098511  1.00255214  1.00057980  1.00060031  1.00001331
224.0  268.03954249  248.66553133  246.56375352  246.07213314  246.07680181  245.93064341  1.08991391  1.01113447  1.00258813  1.00058909  1.00060807  1.00001375
226.0  268.26186660  248.67947444  246.54994033  246.05176252  246.05607134  245.90811122  1.09091836  1.01128426  1.00262426  1.00059837  1.00061589  1.00001419
228.0  268.48229002  248.69374823  246.53639718  246.03162870  246.03559214  245.88581679  1.09191421  1.01143445  1.00266053  1.00060764  1.00062376  1.00001463
230.0  268.70084569  248.70833985  246.52311854  246.01172744  246.01544853  245.86384491  1.09290161  1.01158500  1.00269693  1.00061692  1.00063205  1.00001543
232.0  268.91756572  248.72323695  246.51009905  245.99205457  245.99534875  245.84189799  1.09388070  1.01173587  1.00273345  1.00062619  1.00063959  1.00001540
234.0  269.13248138  248.73842770  246.49733347  245.97260606  245.97559363  245.82028460  1.09485162  1.01188704  1.00277010  1.00063547  1.00064762  1.00001581
236.0  269.34562313  248.75390069  246.48481668  245.95337796  245.95605427  245.79887511  1.09581452  1.01203848  1.00280687  1.00064475  1.00065563  1.00001616
238.0  269.55702070  248.76964497  246.47254372  245.93436645  245.93677138  245.77770593  1.09676953  1.01219017  1.00284376  1.00065403  1.00066381  1.00001661
240.0  269.76670305  248.78565006  246.46050972  245.91556775  245.91769881  245.75673381  1.09771677  1.01234206  1.00288075  1.00066331  1.00067198  1.00001700
